-4.045960236096278 -3.60912405289627 1
-1.1337810527901282 -3.2708538794367414 1
-0.12282373047494577 -4.776820464764333 0
-0.6957576876612768 2.932189681889713 1
-4.399874761361735 3.4092126583192126 1
-2.278264444813286 -2.992723897709407 1
-3.6003098285563495 1.874959799101541 1
-3.305469339868461 -4.4257335968783575 1
0.5935229884407605 0.003206750975205175 1
-0.24008444197759538 -4.789270988693483 0
-0.9610051700307345 -1.147644782655596 1
0.6743620335133462 -4.888205221962019 0
3.2806293789859247 -3.1682950772469343 0
-3.446184327736672 0.6082148993061924 1
-2.545607462237612 4.078843577755233 1
-2.455563282266191 2.627587241681253 1
1.5438033214052993 -3.2617015701493757 0
-2.216280395410587 -1.980368631931034 1
1.2806909478158417 2.591860685596938 1
-1.0390014862781385 2.98605809084766 1
-4.8190695287341825 2.3678813449686125 1
-4.713654170810269 0.9571279612380064 1
1.2389206807486257 1.1452872075216156 1
3.5612355107831952 -2.107949413402163 0
2.4838078959792123 -3.7538297149440925 0
-0.9513850700487358 4.9633966815808 1
-2.7966137897049936 -3.9725400366178967 1
1.5501927696590725 -0.08470291029877064 0
-0.772878355087161 0.4690623629189936 1
4.706689041593334 -1.4068921764804623 0
0.3686121597214882 3.4222242702085346 1
-4.898075115200774 -2.010706840648606 1
-1.3436088679469025 1.5966137597764423 1
0.6486005417566751 1.4194436011984344 1
-0.21940614657786917 -0.825415027381867 1
1.728592550730669 -1.0813619593850508 0
-0.7893623579274509 -4.65980586658314 0
4.113969639273465 -4.1132178329750975 0
0.11550880895697979 0.28802669139216874 1
-3.046793727546887 1.9066829809523629 1
-3.904407966388858 1.1092663250751027 1
-1.5332618155781375 -1.0367579332064238 1
-0.06506328508766313 3.3303538657434615 1
3.989971780299932 -0.28208620248378047 0
-1.764214182737894 2.2842827316797045 1
-1.5249679984666198 -2.1263835402864286 1
-4.0699216624448535 -0.08455351229423957 1
-2.4896245933484353 4.438919463579625 1
-4.976601007571036 3.548360904209467 1
-0.1518543309315925 4.768677951909133 1
-3.8879201121593097 4.1258389882696775 1
-0.8926089254930965 3.5025931761759406 1
4.413524221714349 2.4273457776201113 0
-1.8002831677742712 1.5653872197212415 1
3.3414231143983013 -0.5991539724868966 0
-3.9288576770396286 -1.0649214892508208 1
4.934030612277342 -1.1787396358992916 0
0.10557032137151268 -4.290647936493478 0
-1.9673018366296855 -1.076678915265945 1
-0.21237026823900162 3.6122707398300964 1
-2.166293239376694 -2.23120138188291 1
-1.1935534253228166 -4.841668267859534 0
-1.9701017601487814 2.964578027004462 1
-4.026847990106735 4.542812317742889 1
-1.5047792915148515 1.6179010121836948 1
-3.974849993848152 -1.8777968373767626 1
-0.09684278564723314 -2.8305443398695984 0
-1.3686017655505722 3.1293230246744628 1
2.0022964866062622 -2.5556554688000532 0
0.39568659394046257 -1.346050363554685 0
-1.9964040936318428 -0.17956144742560554 1
-0.25169752286450464 -0.3689877743643697 1
-4.10370134235543 0.06564298215762143 1
-0.13825099612620928 3.204894573958125 1
2.5700504511114532 2.715649836355806 0
-1.964106620462612 -3.8621811169863616 1
4.580357885204737 2.0787428905108705 0
-4.296431990176458 -3.867605168133723 1
-3.6799390534533183 -2.0186428603144355 1
4.9241419400615545 -3.5645259576155883 0
-3.474801638830355 0.9417818746508013 1
4.815571874914964 -0.354323852224649 0
-0.7191031653222097 2.8305447447581686 1
1.0668711771815174 2.955073129793621 1
1.0612756026469228 -4.393120624092269 0
3.8585058435507467 -0.6554831670172847 0
-2.796208315244119 3.536537720266585 1
1.3819115318206086 -2.3672420865510926 0
4.663234721445924 0.6721860927108008 0
-4.712535549461468 -2.7007752483342307 1
-1.3112794692247052 -2.4150372724302818 1
-0.39850740751261693 4.852999546736719 1
2.4205178542282466 -0.35920185780981306 0
0.6342667397824222 4.033834765533173 1
1.6098590497799705 1.4694516292048787 1
-2.0770360794175815 4.513783954286403 1
2.4398019544182805 -0.12972389279053065 0
-4.538695781876765 0.21053066225340178 1
-1.3255115759599434 2.9072313967247796 1
-3.2399887950475548 0.09101818008944385 1
